60 92
73
34 6 0 21
13 3 32 0
13 5 21 28
10 12 0 47
10 12 9 27
6 7 33 45
6 15 31 59
25 7 19 52
25 15 18 5
21 12 7 66
16 7 37 67
16 5 44 62
21 3 0 0
21 5 39 80
5 7 55 85
5 5 27 0
4 1 27 20
4 10 10 49
6 13 54 67
12 13 34 20
12 9 42 35
23 6 19 33
7 3 37 64
7 5 0 65
2 1 7 65
2 10 12 39
6 6 33 39
6 5 37 59
14 7 14 59
14 6 43 3
16 3 44 9
16 5 44 12
14 6 0 59
14 5 3 7
14 13 19 39
3 2 43 33
3 7 9 39
11 2 32 3
11 7 44 85
6 7 0 70
6 6 0 86
33 14 6 78
12 4 3 3
12 3 39 77
16 18 44 44
12 3 37 74
12 18 48 17
4 4 32 74
4 3 53 0
3 1 43 19
3 2 15 5
6 9 0 77
6 9 54 35
6 1 6 46
6 2 15 3
5 7 39 85
5 18 14 40
3 9 57 0
3 9 0 3
9 18 0 27
6 5 21 0
6 2 0 45
2 12 39 40
2 9 46 17
8 3 45 0
8 9 0 12
10 9 8 12
3 5 51 75
3 2 43 17
3 18 28 59
3 7 41 45
2 3 49 74
2 9 46 26
