60 103
73
6 34 2 34
3 13 49 22
5 13 55 10
12 10 25 26
10 12 25 61
6 7 18 79
6 15 37 79
7 25 27 73
15 25 22 36
12 21 25 5
7 16 47 64
16 5 9 16
3 21 52 43
21 5 39 38
7 5 53 30
5 5 55 25
1 4 0 3
10 4 45 6
13 6 4 7
12 13 35 61
12 9 39 48
6 23 54 64
3 7 34 86
5 7 55 1
2 1 58 0
2 10 37 0
6 6 0 72
6 5 25 0
14 7 2 0
6 14 18 86
3 16 24 87
5 16 17 0
6 14 19 22
14 5 28 98
14 13 0 21
2 3 0 0
7 3 48 35
2 11 0 61
11 7 0 94
6 7 48 80
6 6 39 0
14 33 8 45
12 4 37 25
12 3 43 87
18 16 0 78
12 3 43 91
18 12 37 10
4 4 39 57
4 3 45 22
3 1 0 102
3 2 12 101
9 6 0 13
6 9 8 36
6 1 39 22
2 6 0 7
5 7 55 87
5 18 55 43
3 9 14 27
3 9 15 94
18 9 42 94
6 5 31 0
6 2 3 19
2 12 43 74
9 2 3 101
8 3 34 94
8 9 14 36
10 9 37 29
3 5 45 80
2 3 22 100
3 18 22 61
3 7 52 22
3 2 24 85
2 9 6 69
