60 92
73
34 6 13 43
13 3 19 40
13 5 0 43
10 12 1 31
10 12 18 65
6 7 12 68
6 15 6 55
25 7 35 67
25 15 19 77
21 12 33 49
16 7 44 74
16 5 44 30
21 3 39 0
21 5 39 21
5 7 8 48
5 5 55 49
4 1 33 66
4 10 18 55
6 13 12 55
12 13 0 70
12 9 11 17
23 6 37 61
7 3 12 40
7 5 28 69
2 1 44 91
2 10 58 39
6 6 13 80
6 5 0 3
14 7 44 35
14 6 46 86
16 3 28 74
16 5 44 81
14 6 14 49
14 5 25 3
14 13 6 0
3 2 0 48
3 7 0 8
11 2 28 1
11 7 47 42
6 7 54 54
6 6 13 86
33 14 11 26
12 4 11 13
12 3 32 40
16 18 23 8
12 3 48 27
12 18 48 3
4 4 33 62
4 3 44 26
3 1 49 26
3 2 0 50
6 9 22 56
6 9 3 13
6 1 22 55
6 2 29 67
5 7 3 48
5 18 28 49
3 9 0 83
3 9 20 4
9 18 39 3
6 5 12 75
6 2 0 1
2 12 4 58
2 9 1 15
8 3 20 0
8 9 3 22
10 9 3 83
3 5 3 8
3 2 3 56
3 18 0 52
3 7 0 24
2 3 58 35
2 9 9 13
