60 112
73
6 34 25 0
3 13 0 48
5 13 44 68
10 12 20 34
10 12 39 12
6 7 0 99
6 15 45 40
25 7 32 61
15 25 0 2
12 21 31 26
7 16 23 46
5 16 15 0
3 21 31 5
5 21 32 91
5 7 20 6
5 5 55 56
1 4 5 108
4 10 13 45
6 13 54 68
12 13 20 98
9 12 45 100
23 6 37 6
3 7 51 12
7 5 30 86
2 1 30 94
2 10 55 12
6 6 11 106
5 6 20 0
7 14 3 80
6 14 39 47
3 16 43 24
5 16 44 81
6 14 39 98
5 14 34 12
13 14 3 64
3 2 0 0
3 7 51 34
2 11 49 89
11 7 49 81
6 7 10 78
6 6 54 106
14 33 16 65
4 12 40 86
3 12 17 50
16 18 3 27
3 12 20 50
12 18 30 68
4 4 42 2
3 4 51 0
3 1 25 111
2 3 0 61
6 9 10 85
6 9 54 97
1 6 0 74
2 6 49 0
7 5 32 0
5 18 6 94
3 9 0 27
3 9 0 65
9 18 4 46
5 6 46 55
6 2 54 95
2 12 0 36
2 9 46 24
8 3 17 62
8 9 17 16
9 10 30 51
3 5 11 101
2 3 2 61
3 18 57 12
3 7 51 41
3 2 2 110
2 9 58 30
