60 113
73
34 6 10 51
13 3 35 3
13 5 35 74
10 12 48 37
10 12 50 49
6 7 0 79
6 15 42 27
25 7 35 79
25 15 1 64
21 12 39 7
16 7 19 57
16 5 35 95
21 3 39 19
21 5 15 17
5 7 41 67
5 5 35 57
4 1 35 16
4 10 3 45
6 13 29 82
12 13 17 82
12 9 46 86
23 6 18 36
7 3 32 13
7 5 20 7
2 1 1 9
2 10 8 103
6 6 14 6
6 5 0 0
14 7 4 38
14 6 17 45
16 3 18 42
16 5 42 22
14 6 34 42
14 5 0 17
14 13 34 100
3 2 7 45
3 7 0 10
11 2 18 4
11 7 48 0
6 7 29 6
6 6 40 61
33 14 9 22
12 4 3 12
12 3 48 34
16 18 18 95
12 3 48 100
12 18 48 61
4 4 54 103
4 3 12 110
3 1 12 50
3 2 40 59
6 9 0 104
6 9 1 22
6 1 12 102
6 2 0 7
5 7 51 27
5 18 12 79
3 9 3 55
3 9 51 104
9 18 26 64
6 5 15 12
6 2 1 5
2 12 58 86
2 9 10 95
8 3 35 0
8 9 0 95
10 9 0 86
3 5 48 29
3 2 45 0
3 18 0 31
3 7 6 31
2 3 16 0
2 9 27 6
