60 103
73
34 6 1 7
13 3 25 100
13 5 41 85
10 12 35 1
10 12 42 73
6 7 3 43
6 15 52 36
25 7 0 96
25 15 0 21
21 12 39 91
16 7 44 58
16 5 0 91
21 3 24 70
21 5 3 16
5 7 30 93
5 5 25 95
4 1 18 92
4 10 22 85
6 13 7 50
12 13 40 36
12 9 29 13
23 6 29 49
7 3 6 63
7 5 53 6
2 1 0 0
2 10 58 15
6 6 0 1
6 5 29 44
14 7 41 15
14 6 45 67
16 3 9 13
16 5 24 36
14 6 46 0
14 5 31 65
14 13 10 36
3 2 0 37
3 7 0 13
11 2 26 91
11 7 18 0
6 7 4 36
6 6 29 0
33 14 25 22
12 4 12 69
12 3 6 4
16 18 13 49
12 3 32 60
12 18 0 73
4 4 0 50
4 3 18 93
3 1 0 36
3 2 3 13
6 9 54 73
6 9 54 82
6 1 0 54
6 2 53 13
5 7 55 51
5 18 0 55
3 9 0 39
3 9 38 73
9 18 29 73
6 5 35 55
6 2 54 65
2 12 58 36
2 9 37 91
8 3 5 66
8 9 45 6
10 9 18 76
3 5 52 51
3 2 4 50
3 18 12 73
3 7 38 82
2 3 16 93
2 9 52 73
