60 112
73
6 34 6 39
13 3 44 38
5 13 42 50
10 12 49 51
10 12 50 5
7 6 7 5
15 6 12 63
7 25 25 13
15 25 0 14
12 21 38 0
7 16 41 21
5 16 11 88
3 21 18 19
5 21 0 65
7 5 15 14
5 5 39 43
4 1 11 11
10 4 50 20
13 6 24 7
12 13 24 96
12 9 48 41
6 23 5 86
7 3 50 0
5 7 19 69
1 2 24 0
10 2 31 49
6 6 0 48
5 6 0 86
7 14 0 0
6 14 18 0
3 16 19 96
5 16 13 40
6 14 42 85
14 5 42 99
14 13 5 73
3 2 56 99
7 3 50 17
2 11 22 98
11 7 13 56
6 7 32 0
6 6 48 86
14 33 27 63
12 4 48 92
3 12 15 27
18 16 42 63
3 12 22 23
18 12 24 51
4 4 2 44
4 3 21 35
3 1 57 91
3 2 57 3
6 9 18 47
6 9 36 101
1 6 0 92
6 2 30 110
7 5 25 0
5 18 20 76
9 3 7 2
9 3 7 109
18 9 21 38
6 5 36 96
2 6 44 79
2 12 39 31
2 9 0 39
3 8 2 54
9 8 42 104
9 10 32 21
3 5 41 80
3 2 57 79
3 18 16 94
7 3 50 96
2 3 58 0
9 2 11 86
