60 113
73
34 6 0 11
13 3 39 14
13 5 3 37
10 12 21 20
10 12 23 101
6 7 24 38
6 15 10 60
25 7 35 97
25 15 33 43
21 12 31 17
16 7 33 106
16 5 0 52
21 3 39 76
21 5 0 0
5 7 16 17
5 5 55 71
4 1 43 0
4 10 55 13
6 13 37 1
12 13 33 59
12 9 16 46
23 6 14 5
7 3 21 0
7 5 16 32
2 1 39 0
2 10 58 23
6 6 24 32
6 5 27 96
14 7 2 45
14 6 0 26
16 3 0 57
16 5 44 8
14 6 0 75
14 5 0 32
14 13 16 68
3 2 18 104
3 7 33 90
11 2 38 104
11 7 0 19
6 7 49 1
6 6 46 29
33 14 0 81
12 4 0 5
12 3 4 42
16 18 0 95
12 3 21 56
12 18 48 79
4 4 55 3
4 3 56 0
3 1 36 0
3 2 36 14
6 9 24 59
6 9 52 29
6 1 17 55
6 2 0 17
5 7 47 35
5 18 48 58
3 9 16 95
3 9 45 62
9 18 36 79
6 5 31 29
6 2 39 32
2 12 0 40
2 9 1 66
8 3 23 17
8 9 16 37
10 9 33 34
3 5 52 24
3 2 43 1
3 18 30 34
3 7 55 106
2 3 58 68
2 9 49 104
